NONE 7	1	0	0	0	0,0,0	0,0,0	0	0	0
NONE 8	2	0	0	0	0,0,0	0,0,0	0	0	0
NONE 9	3	0	0	0	0,0,0	0,0,0	0	0	0
NONE 10	4	0	0	0	0,0,0	0,0,0	0	0	0
NONE 11	5	0	0	0	0,0,0	0,0,0	0	0	0
NONE 12	6	0	0	0	0,0,0	0,0,0	0	0	0
NONE 13	7	0	0	0	0,0,0	0,0,0	0	0	0
NONE 14	8	0	0	0	0,0,0	0,0,0	0	0	0
NONE 15	9	0	0	0	0,0,0	0,0,0	0	0	0
NONE 16	10	0	0	0	0,0,0	0,0,0	0	0	0
NONE 17	11	0	0	0	0,0,0	0,0,0	0	0	0
NONE 18	12	0	0	0	0,0,0	0,0,0	0	0	0
NONE 19	13	0	0	0	0,0,0	0,0,0	0	0	0
NONE 20	14	0	0	0	0,0,0	0,0,0	0	0	0
NONE 21	15	0	0	0	0,0,0	0,0,0	0	0	0
NONE 22	16	0	0	0	0,0,0	0,0,0	0	0	0
NONE 23	17	0	0	0	0,0,0	0,0,0	0	0	0
NONE 24	18	0	0	0	0,0,0	0,0,0	0	0	0
NONE 25	19	0	0	0	0,0,0	0,0,0	0	0	0
NONE 26	20	0	0	0	0,0,0	0,0,0	0	0	0
NONE 27	21	0	0	0	0,0,0	0,0,0	0	0	0
NONE 28	22	0	0	0	0,0,0	0,0,0	0	0	0
NONE 29	23	0	0	0	0,0,0	0,0,0	0	0	0
NONE 30	24	0	0	0	0,0,0	0,0,0	0	0	0
NONE 31	25	0	0	0	0,0,0	0,0,0	0	0	0
NONE 32	26	0	0	0	0,0,0	0,0,0	0	0	0
NONE 33	27	0	0	0	0,0,0	0,0,0	0	0	0
NONE 34	28	0	0	0	0,0,0	0,0,0	0	0	0
NONE 35	29	0	0	0	0,0,0	0,0,0	0	0	0
NONE 36	30	0	0	0	0,0,0	0,0,0	0	0	0
NONE 37	31	0	0	0	0,0,0	0,0,0	0	0	0
NONE 38	32	0	0	0	0,0,0	0,0,0	0	0	0
NONE 39	33	0	0	0	0,0,0	0,0,0	0	0	0
NONE 40	34	0	0	0	0,0,0	0,0,0	0	0	0
NONE 41	35	0	0	0	0,0,0	0,0,0	0	0	0
NONE 42	36	0	0	0	0,0,0	0,0,0	0	0	0
NONE 43	37	0	0	0	0,0,0	0,0,0	0	0	0
NONE 44	38	0	0	0	0,0,0	0,0,0	0	0	0
NONE 45	39	0	0	0	0,0,0	0,0,0	0	0	0
NONE 46	40	0	0	0	0,0,0	0,0,0	0	0	0
NONE 47	41	0	0	0	0,0,0	0,0,0	0	0	0
NONE 48	42	0	0	0	0,0,0	0,0,0	0	0	0
NONE 49	43	0	0	0	0,0,0	0,0,0	0	0	0
NONE 50	44	0	0	0	0,0,0	0,0,0	0	0	0
NONE 51	45	0	0	0	0,0,0	0,0,0	0	0	0
NONE 52	46	0	0	0	0,0,0	0,0,0	0	0	0
NONE 53	47	0	0	0	0,0,0	0,0,0	0	0	0
NONE 54	48	0	0	0	0,0,0	0,0,0	0	0	0
NONE 55	49	0	0	0	0,0,0	0,0,0	0	0	0
NONE 56	50	0	0	0	0,0,0	0,0,0	0	0	0
NONE 57	51	0	0	0	0,0,0	0,0,0	0	0	0
NONE 58	52	0	0	0	0,0,0	0,0,0	0	0	0
NONE 59	53	0	0	0	0,0,0	0,0,0	0	0	0
NONE 60	54	0	0	0	0,0,0	0,0,0	0	0	0
NONE 61	55	0	0	0	0,0,0	0,0,0	0	0	0
NONE 62	56	0	0	0	0,0,0	0,0,0	0	0	0
NONE 63	57	0	0	0	0,0,0	0,0,0	0	0	0
NONE 64	58	0	0	0	0,0,0	0,0,0	0	0	0
NONE 65	59	0	0	0	0,0,0	0,0,0	0	0	0
NONE 66	60	0	0	0	0,0,0	0,0,0	0	0	0
NONE 67	61	0	0	0	0,0,0	0,0,0	0	0	0
NONE 68	62	0	0	0	0,0,0	0,0,0	0	0	0
NONE 69	63	0	0	0	0,0,0	0,0,0	0	0	0
NONE 70	64	0	0	0	0,0,0	0,0,0	0	0	0
NONE 71	65	0	0	0	0,0,0	0,0,0	0	0	0
NONE 72	66	0	0	0	0,0,0	0,0,0	0	0	0
NONE 73	67	0	0	0	0,0,0	0,0,0	0	0	0
NONE 74	68	0	0	0	0,0,0	0,0,0	0	0	0
NONE 75	69	0	0	0	0,0,0	0,0,0	0	0	0
NONE 76	70	0	0	0	0,0,0	0,0,0	0	0	0
NONE 77	71	0	0	0	0,0,0	0,0,0	0	0	0
NONE 78	72	0	0	0	0,0,0	0,0,0	0	0	0
NONE 79	73	0	0	0	0,0,0	0,0,0	0	0	0
NONE 80	74	0	0	0	0,0,0	0,0,0	0	0	0
NONE 81	75	0	0	0	0,0,0	0,0,0	0	0	0
NONE 82	76	0	0	0	0,0,0	0,0,0	0	0	0
NONE 83	77	0	0	0	0,0,0	0,0,0	0	0	0
NONE 84	78	0	0	0	0,0,0	0,0,0	0	0	0
NONE 85	79	0	0	0	0,0,0	0,0,0	0	0	0
NONE 86	80	0	0	0	0,0,0	0,0,0	0	0	0
NONE 87	81	0	0	0	0,0,0	0,0,0	0	0	0
NONE 88	82	0	0	0	0,0,0	0,0,0	0	0	0
NONE 89	83	0	0	0	0,0,0	0,0,0	0	0	0
NONE 90	84	0	0	0	0,0,0	0,0,0	0	0	0
NONE 91	85	0	0	0	0,0,0	0,0,0	0	0	0
NONE 92	86	0	0	0	0,0,0	0,0,0	0	0	0
NONE 93	87	0	0	0	0,0,0	0,0,0	0	0	0
NONE 94	88	0	0	0	0,0,0	0,0,0	0	0	0
NONE 95	89	0	0	0	0,0,0	0,0,0	0	0	0
NONE 96	90	0	0	0	0,0,0	0,0,0	0	0	0
NONE 97	91	0	0	0	0,0,0	0,0,0	0	0	0
NONE 98	92	0	0	0	0,0,0	0,0,0	0	0	0
NONE 99	93	0	0	0	0,0,0	0,0,0	0	0	0
NONE 100	94	0	0	0	0,0,0	0,0,0	0	0	0
NONE 101	95	0	0	0	0,0,0	0,0,0	0	0	0
NONE 102	96	0	0	0	0,0,0	0,0,0	0	0	0
NONE 103	97	0	0	0	0,0,0	0,0,0	0	0	0
NONE 104	98	0	0	0	0,0,0	0,0,0	0	0	0
NONE 105	99	0	0	0	0,0,0	0,0,0	0	0	0
NONE 106	100	0	0	0	0,0,0	0,0,0	0	0	0
NONE 107	101	0	0	0	0,0,0	0,0,0	0	0	0
NONE 108	102	0	0	0	0,0,0	0,0,0	0	0	0
NONE 109	103	0	0	0	0,0,0	0,0,0	0	0	0
NONE 110	104	0	0	0	0,0,0	0,0,0	0	0	0
NONE 111	105	0	0	0	0,0,0	0,0,0	0	0	0
NONE 112	106	0	0	0	0,0,0	0,0,0	0	0	0
NONE 113	107	0	0	0	0,0,0	0,0,0	0	0	0
NONE 114	108	0	0	0	0,0,0	0,0,0	0	0	0
NONE 115	109	0	0	0	0,0,0	0,0,0	0	0	0
NONE 116	110	0	0	0	0,0,0	0,0,0	0	0	0
NONE 117	111	0	0	0	0,0,0	0,0,0	0	0	0
NONE 118	112	0	0	0	0,0,0	0,0,0	0	0	0
NONE 119	113	0	0	0	0,0,0	0,0,0	0	0	0
NONE 120	114	0	0	0	0,0,0	0,0,0	0	0	0
NONE 121	115	0	0	0	0,0,0	0,0,0	0	0	0
NONE 122	116	0	0	0	0,0,0	0,0,0	0	0	0
NONE 123	117	0	0	0	0,0,0	0,0,0	0	0	0
NONE 124	118	0	0	0	0,0,0	0,0,0	0	0	0
NONE 125	119	0	0	0	0,0,0	0,0,0	0	0	0
NONE 126	120	0	0	0	0,0,0	0,0,0	0	0	0
NONE 127	121	0	0	0	0,0,0	0,0,0	0	0	0
NONE 128	122	0	0	0	0,0,0	0,0,0	0	0	0
NONE 129	123	0	0	0	0,0,0	0,0,0	0	0	0
NONE 130	124	0	0	0	0,0,0	0,0,0	0	0	0
NONE 131	125	0	0	0	0,0,0	0,0,0	0	0	0
NONE 132	126	0	0	0	0,0,0	0,0,0	0	0	0
NONE 133	127	0	0	0	0,0,0	0,0,0	0	0	0
NONE 134	128	0	0	0	0,0,0	0,0,0	0	0	0
NONE 135	129	0	0	0	0,0,0	0,0,0	0	0	0
NONE 136	130	0	0	0	0,0,0	0,0,0	0	0	0
NONE 137	131	0	0	0	0,0,0	0,0,0	0	0	0
NONE 138	132	0	0	0	0,0,0	0,0,0	0	0	0
NONE 139	133	0	0	0	0,0,0	0,0,0	0	0	0
NONE 140	134	0	0	0	0,0,0	0,0,0	0	0	0
NONE 141	135	0	0	0	0,0,0	0,0,0	0	0	0
NONE 142	136	0	0	0	0,0,0	0,0,0	0	0	0
NONE 143	137	0	0	0	0,0,0	0,0,0	0	0	0
NONE 144	138	0	0	0	0,0,0	0,0,0	0	0	0
NONE 145	139	0	0	0	0,0,0	0,0,0	0	0	0
NONE 146	140	0	0	0	0,0,0	0,0,0	0	0	0
NONE 147	141	0	0	0	0,0,0	0,0,0	0	0	0
NONE 148	142	0	0	0	0,0,0	0,0,0	0	0	0
NONE 149	143	0	0	0	0,0,0	0,0,0	0	0	0
NONE 150	144	0	0	0	0,0,0	0,0,0	0	0	0
NONE 151	145	0	0	0	0,0,0	0,0,0	0	0	0
NONE 152	146	0	0	0	0,0,0	0,0,0	0	0	0
NONE 153	147	0	0	0	0,0,0	0,0,0	0	0	0
NONE 154	148	0	0	0	0,0,0	0,0,0	0	0	0
NONE 155	149	0	0	0	0,0,0	0,0,0	0	0	0
NONE 156	150	0	0	0	0,0,0	0,0,0	0	0	0
NONE 157	151	0	0	0	0,0,0	0,0,0	0	0	0
NONE 158	152	0	0	0	0,0,0	0,0,0	0	0	0
NONE 159	153	0	0	0	0,0,0	0,0,0	0	0	0
NONE 160	154	0	0	0	0,0,0	0,0,0	0	0	0
NONE 161	155	0	0	0	0,0,0	0,0,0	0	0	0
NONE 162	156	0	0	0	0,0,0	0,0,0	0	0	0
NONE 163	157	0	0	0	0,0,0	0,0,0	0	0	0
NONE 164	158	0	0	0	0,0,0	0,0,0	0	0	0
NONE 165	159	0	0	0	0,0,0	0,0,0	0	0	0
NONE 166	160	0	0	0	0,0,0	0,0,0	0	0	0
NONE 167	161	0	0	0	0,0,0	0,0,0	0	0	0
NONE 168	162	0	0	0	0,0,0	0,0,0	0	0	0
NONE 169	163	0	0	0	0,0,0	0,0,0	0	0	0
NONE 170	164	0	0	0	0,0,0	0,0,0	0	0	0
NONE 171	165	0	0	0	0,0,0	0,0,0	0	0	0
NONE 172	166	0	0	0	0,0,0	0,0,0	0	0	0
NONE 173	167	0	0	0	0,0,0	0,0,0	0	0	0
NONE 174	168	0	0	0	0,0,0	0,0,0	0	0	0
NONE 175	169	0	0	0	0,0,0	0,0,0	0	0	0
NONE 176	170	0	0	0	0,0,0	0,0,0	0	0	0
NONE 177	171	0	0	0	0,0,0	0,0,0	0	0	0
NONE 178	172	0	0	0	0,0,0	0,0,0	0	0	0
NONE 179	173	0	0	0	0,0,0	0,0,0	0	0	0
NONE 180	174	0	0	0	0,0,0	0,0,0	0	0	0
NONE 181	175	0	0	0	0,0,0	0,0,0	0	0	0
NONE 182	176	0	0	0	0,0,0	0,0,0	0	0	0
NONE 183	177	0	0	0	0,0,0	0,0,0	0	0	0
NONE 184	178	0	0	0	0,0,0	0,0,0	0	0	0
NONE 185	179	0	0	0	0,0,0	0,0,0	0	0	0
NONE 186	180	0	0	0	0,0,0	0,0,0	0	0	0
NONE 187	181	0	0	0	0,0,0	0,0,0	0	0	0
NONE 188	182	0	0	0	0,0,0	0,0,0	0	0	0
NONE 189	183	0	0	0	0,0,0	0,0,0	0	0	0
NONE 190	184	0	0	0	0,0,0	0,0,0	0	0	0
NONE 191	185	0	0	0	0,0,0	0,0,0	0	0	0
NONE 192	186	0	0	0	0,0,0	0,0,0	0	0	0
NONE 193	187	0	0	0	0,0,0	0,0,0	0	0	0
NONE 194	188	0	0	0	0,0,0	0,0,0	0	0	0
NONE 195	189	0	0	0	0,0,0	0,0,0	0	0	0
NONE 196	190	0	0	0	0,0,0	0,0,0	0	0	0
NONE 197	191	0	0	0	0,0,0	0,0,0	0	0	0
NONE 198	192	0	0	0	0,0,0	0,0,0	0	0	0
NONE 199	193	0	0	0	0,0,0	0,0,0	0	0	0
NONE 200	194	0	0	0	0,0,0	0,0,0	0	0	0
NONE 201	195	0	0	0	0,0,0	0,0,0	0	0	0
NONE 202	196	0	0	0	0,0,0	0,0,0	0	0	0
NONE 203	197	0	0	0	0,0,0	0,0,0	0	0	0
NONE 204	198	0	0	0	0,0,0	0,0,0	0	0	0
NONE 205	199	0	0	0	0,0,0	0,0,0	0	0	0
NONE 206	200	0	0	0	0,0,0	0,0,0	0	0	0
NONE 207	201	0	0	0	0,0,0	0,0,0	0	0	0
NONE 208	202	0	0	0	0,0,0	0,0,0	0	0	0
NONE 209	203	0	0	0	0,0,0	0,0,0	0	0	0
NONE 210	204	0	0	0	0,0,0	0,0,0	0	0	0
NONE 211	205	0	0	0	0,0,0	0,0,0	0	0	0
NONE 212	206	0	0	0	0,0,0	0,0,0	0	0	0
NONE 213	207	0	0	0	0,0,0	0,0,0	0	0	0
NONE 214	208	0	0	0	0,0,0	0,0,0	0	0	0
NONE 215	209	0	0	0	0,0,0	0,0,0	0	0	0
NONE 216	210	0	0	0	0,0,0	0,0,0	0	0	0
NONE 217	211	0	0	0	0,0,0	0,0,0	0	0	0
NONE 6	1	0	0	1	0,0,0	0,0,0	1	0	0
NONE 5	2	0	0	1	0,0,0	0,0,0	0	0	0
NONE 4	3	0	0	1	0,0,0	0,0,0	1	0	0
NONE 3	4	0	0	1	0,0,0	0,0,0	1	0	0
NONE 2	5	0	0	1	0,0,0	0,0,0	1	0	0
NONE 1	6	0	0	1	0,0,0	0,0,0	1	0	0
NONE	7	0	0	1	0,0,0	0,0,0	0	0	0
